-1959
467
334
500
1169
1724
1478
-642
962
-1536
-295
-1855
1281
-1173
-39
-1509
995
1942
-1173
-564
-1609
604
1902
-1847
-1708
-1618
-579
716
1718
1895
-553
-274
771
1538
-131
1912
-333
299
-965
-106
-1297
1811
1322
333
-327
-1336
1141
1711
-1747
868
-453
1644
-1338
-1243
-1963
-1141
-1277
-259
1529
-1222
-1684
1035
190
-158
-1712
106
-960
-1058
1264
648
1446
1805
1890
729
-1630
1350
1006
1101
-1607
1548
1629
-1377
-1916
1954
756
1840
-1034
1376
-69
308
-1056
-1561
-1374
1323
-463
-462
-1882
82
929
-1459
-1167
1115
-1361
-342
704
-70
-23
306
1673
386
-979
-1255
924
1072
270
-171
777
1573
-903
-1488
1986
-710
-839
636
355
-1233
1655
1574
-1969
-1948
1350
-850
-1059
-276
-34
1430
1107
191
7
1337
1457
-1713
1753
383
945
-1091
-1791
-242
-1779
588
422
-1054
1506
-970
-1587
-832
-1100
-1409
762
-345
-590
359
1624
-1463
-452
483
1595
-1959
1602
-1650
291
836
-626
1020
-1404
-1979
1348
1199
1668
-1516
-1719
-1266
-1947
-1
418
1938
900
1788
127
-1533
1728
893
-1352
483
-193
421
310
617
813
-486
309
1616
935
-549
-1400
-751
-1481
1556
798
303
224
1008
-156
-1391
989
-1298
1195
-1515
1093
343
523
-413
-686
-497
1448
-800
-542
618
-1420
1796
798
1281
1589
-1202
-1991
1157
-1528
1622
538
-1708
38
-1821
190
-343
1958
191
1815
888
1156
1511
-1798
634
-1728
-1945
-1672
646
362
-1114
875
-1567
-131
-1858
1844
-584
-119
1998
322
651
21
-301
1557
-1524
1892
-1611
-925
712
600
510
-997
869
-139
688
-599
-211
1255
-1577
-998
585
-1818
285
1088
1426
-1383
1757
-168
932
-1831
154
-279
-811
1976
1329
368
-1308
-575
555
1434
-1451
1441
-488
145
60
-282
1753
-1861
-1577
-1721
-4
-1313
-1471
549
-563
1866
-1051
-1807
1195
1297
-1584
-1714
-1895
-1512
-1718
-1545
-266
114
1701
1316
-1329
-214
-1737
-1687
-1645
1185
-1947
-1088
808
-168
-1055
-1687
1756
-1679
1558
1646
1982
-1519
-1856
1196
-1778
1129
161
-465
-1550
1173
466
-1956
-341
292
439
-747
-1976
154
-490
-1255
-1351
-814
-1687
-1526
-1978
168
18
787
-95
-42
1391
202
1625
477
-1586
-686
-176
-666
-126
-1628
-1841
1833
-1930
1487
-1703
1518
-1823
-227
-1730
-237
668
-808
-15
1102
-1520
-787
1627
-1198
-1901
527
625
-457
-76
1023
-28
-939
181
1003
1432
-495
1593
725
-969
-1508
-1858
-778
1286
-936
1900
1187
-1640
413
974
270
-830
-1765
833
1711
-240
896
-1333
1285
-1450
-1860
-306
695
-376
-1981
125
576
-306
658
302
-629
466
-1322
593
1851
-516
-982
-1536
-881
1152
800
87
1060
-74
-990
-1243
-1830
-1685
-424
227
-1957
758
1164
-891
1882
-914
-435
1487
-423
474
625
-373
-371
1928
-577
-1480
902
962
-1877
-1404
1737
-739
195
-1475
-736
-1740
202
-1884
-970
-1674
-989
771
411
-453
-847
-480
-210
924
188
-237
-1060
-1149
662
-171
900
-287
958
-422
-1635
-993
1477
-800
58
439
303
-1240
1357
324
477
-892
-887
887
1801
850
460
428
-1007
1384
1405
540
1111
-1296
-1165
-1644
72
-650
823
485
-1444
1216
-374
-643
-1474
-643
-663
1271
1869
-639
-1104
-978
-383
112
-1283
696
1585
-1959
-1577
-1871
-1771
-1435
559
-1068
296
-145
-1947
-1038
1584
-266
654
-1028
-543
369
532
963
607
483
-1089
1635
67
848
-1325
-1062
223
142
1754
511
741
-1825
-541
-175
1221
-130
-374
1934
1205
1783
1850
-602
279
701
-1807
-1266
-363
534
-444
-7
176
-295
962
548
1881
-1700
413
-1359
1855
-1145
-858
1462
1611
877
-1576
-1322
-248
443
-1704
-1327
40
-687
-1125
-1928
-1182
-1390
-983
932
-1888
695
-831
1831
-1960
488
-1315
1090
1497
589
-10
1145
1353
1314
651
740
44
1258
-1665
-1241
1192
1605
-736
-1819
-1497
1829
1775
-1392
-708
-3
-451
-444
-439
1627
467
-459
129
1240
1813
-826
-1399
77
-1785
-1317
-1787
1992
-176
-399
1392
1759
670
428
-1973
-1916
75
786
1498
-1030
287
1847
-1396
-1497
-779
663
-294
363
-990
171
1489
240
-1836
-458
1619
-1087
1591
704
1818
-768
-1250
-795
-1025
-461
-1697
1422
-902
1247
-416
-352
971
-136
913
1075
-455
-1288
-454
678
-231
1262
-1481
-15
-1711
1944
865
540
1245
-492
-1682
1870
-399
-1677
-868
-1528
1152
-913
-1430
-237
-99
-897
423
1527
1600
969
15
-435
-1972
-457
-653
88
943
-1363
409
463
-951
-1319
-412
1342
-1392
-1940
-779
-242
-46
-1112
146
-1310
1949
-1157
-570
-380
-1252
1067
-1464
-1217
35
-1774
1185
1038
-147
-371
1224
1748
1923
1359
-1743
-1234
-1056
955
1318
-1274
-589
-975
-1645
1001
549
-504
584
-485
-36
1342
-1925
-87
-1858
1196
-52
-928
-1574
606
173
-1571
-1596
705
-1374
-188
1375
93
-1435
-1964
736
-859
814
-6
-1744
652
1936
838
-1518
-645
-985
-869
230
-159
625
11
-1363
-1814
1690
-350
-338
-366
893
353
-584
-548
8
1262
233
-546
-1697
-1366
303
256
-1852
1124
-1683
-1787
1109
-1972
-800
-920
-682
-1142
-1950
-1845
1361
1264
1903
1676
-357
909
902
1561
-1511
-1052
-718
-347
674
220
-598
923
1831
1369
1878
-1741
1008
619
1971
3
-55
-219
504
-1608
-1315
-687
698
-411
-1278
-62
1037
410
1461
234
-1492
-39
1959
493
-485
-731
-1063
-1131
-1942
700
-29
264
1117
-1785
-1445
1815
330
1039
212
-712
-1918
-46
-1915
-1290
-1516
-1226
-1620
-185
-49
541
115
-321
-890
-102
1073
-1212
1977
132
-44
-1311
113
8
-1059
1790
-277
-637
-1972
-816
-1222
1200
-929
-115
-26
-929
1333
867
153
295
-1832
-1175
-324
1629
-1350
598
1309
-1307
-1314
80
116
-1751
667
-472
679
1864
-579
-1595
-1174
816
1516
1726
-1334
-913
1681
1964
-660
-314
21
1662
721
64
-691
-1585
-98
-127
-876
1941
-1255
1762
-1577
1531
-1194
-1732
-682
-398
1907
-1693
1481
-988
-864
630
-1886
809
-1916
1556
-1710
-707
-4
-848
-946
-655
708
-1752
1491
-288
-869
114
-1561
1958
-1278
-296
995
-948
-731
1479
238
423
1918
866
-341
-1502
-1514
-804
1462
633
-1842
-1978
-854
392
-963
1925
647
-542
602
807
-1902
1830
-708
600
1278
-1201
352
-1552
-118
-1460
-1685
-1425
-1238
-433
336
397
1418
1897
-172
-149
816
-1770
-1551
-1075
-1342
-1771
-1480
940
-440
1147
-838
-345
-1325
-1208
361
1754
-1602
1146
-1286
946
-812
1569
-1362
1663
1075
-1485
1521
-1525
1615
-1472
-766
-1430
-1095
-536
1557
-1038
161
524
-1451
-531
-1670
1923
-1650
333
925
910
1737
-1664
337
-722
-1607
1636
714
-1836
1591
1949
1135
505
-663
4
-1663
623
-1336
-30
-392
568
1281
1085
-848
373
-1348
-1806
-124
1826
-1604
1572
249
640
-826
819
-1057
-1389
-59
-1711
-1581
-435
1805
1585
-1784
1450
-385
609
1064
-834
-1107
-1926
-491
300
1695
-427
1589
-839
1172
-32
1358
31
268
1426
-1490
422
774
-1221
910
1552
-1818
-609
1495
-236
-1126
-636
902
-1745
-1540
-1526
972
821
122
-453
-423
-211
-395
195
1594
1950
-1657
-1246
481
-988
1672
1439
-572
-88
-238
-33
-1592
-1585
-92
-777
1759
434
-796
-514
-1681
-1042
-55
806
-1834
700
1367
-308
-213
-1468
556
974
1447
-979
283
222
-669
376
-1417
948
-1277
-18
18
776
-780
1111
-1818
1856
1490
-1075
-1676
486
1677
1969
1643
1534
1677
668
1068
-9
-1804
1783
-1172
1727
-574
1871
697
-388
703
1027
1408
-455
-492
1185
238
-1763
443
-687
501
-1150
-872
111
1650
-1851
1192
-546
1869
-1319
1465
-1733
-287
1793
634
-528
-1028
830
-1099
-1558
-823
-123
-230
-1298
364
-619
-1410
-1177
237
-1977
-1821
-1405
-1831
327
-1958
1310
-1818
1058
1926
-513
-330
-1472
-349
258
1213
-140
-217
-714
742
-1390
-1528
1128
434
-159
-1282
1503
867
-1135
938
-119
-743
750
-1386
598
-1542
661
63
-1244
-1193
-1722
1489
1435
365
-1925
1586
-614
1833
-1640
-670
48
-1072
-508
-1567
1840
766
-265
1810
1599
1837
-108
1982
1328
-648
1369
1244
-206
608
-748
1647
-568
-465
1208
1264
1497
1243
1649
15
841
-1811
-1900
1812
648
-477
1851
-1526
-1367
-109
1200
1854
-10
-303
-1081
-220
578
-1069
-1456
1340
-513
-1101
525
-1517
-462
1492
193
-1748
-989
-440
1834
-160
1497
785
529
1540
805
-1209
-608
-790
-451
-422
979
971
-723
-1927
-1807
-380
-503
-174
1276
1790
582
-422
1159
-1582
489
-1841
1449
-1076
-928
380
1008
1967
208
477
503
1370
-1393
196
-1926
-278
-1389
1019
-1239
1056
-1110
1163
-1317
-284
1932
-548
741
-1046
813
862
396
1460
-1385
904
599
-1864
-1320
-802
1032
387
-1416
1240
1517
-994
-1330
-1759
882
-751
1523
1758
-1895
-379
-905
1296
-84
1678
178
-421
-942
1577
-1250
7
1729
-1919
995
678
-1324
1753
-1101
1784
1565
1093
-392
172
1243
-71
1514
168
-945
1191
-27
-1078
748
-349
986
144
-1554
1577
517
629
-84
-126
1791
1469
912
-1854
693
-909
-185
949
857
-1360
52
-1764
-1449
-513
1226
-1838
-1045
1183
-1606
180
-1903
1065
1065
513
-739
-1422
-922
-1122
140
-1389
1947
445
-1830
-25
-511
-1250
149
1333
-135
214
-718
1007
1432
-1104
-1633
-1478
-1118
1810
-359
1231
187
705
479
321
538
1351
1447
-1792
-354
276
-241
189
422
1666
-1514
1455
28
-386
-1140
-747
1777
1348
-1497
861
431
-918
-1545
197
106
-1248
1821
-704
281
21
-1545
1947
1124
318
-865
1376
-226
-141
-1002
-1926
-747
922
635
-357
-1112
-1847
-768
-1253
-1320
1926
-322
450
801
-1039
199
-1145
363
-284
573
1561
1245
473
-1726
-450
-1647
-819
-1713
699
110
643
-535
1172
529
-19
112
-524
-1619
-1753
890
-1329
-1195
-1628
32
1989
-680
1165
1431
-342
1293
-794
578
-1052
206
1171
166
1396
-1303
1020
1694
1529
788
109
-16
1969
-1022
-383
-1985
-1374
1684
-832
-94
-72
-1903
-1882
-1610
1199
1785
486
1199
-1580
-1290
271
1813
1415
85
-1682
1580
-669
1267
-1613
-556
1186
507
-1640
-173
-1926
431
1152
271
268
-1307
1885
-1663
1311
-396
-1323
-1594
1768
-978
1413
-1000
-1458
-463
38
-612
1355
-711
1647
1181
-907
-1416
987
761
-1507
-1783
-499
-518
-553
1665
753
104
1084
1095
-475
221
1964
-219
-1128
-1894
1656
1343
593
1080
-1920
868
-589
-287
-1032
1251
1216
-1921
-1232
-960
1531
-1067
1779
-1337
-1741
653
1936
95
-1635
1874
1720
835
-320
-1024
455
-275
-1929
-1192
-441
-844
-398
-168
1905
440
1375
-438
885
-38
-920
-164
797
1202
508
80
-660
-1924
-942
1493
1740
-1454
-1526
-1227
1097
-1120
1335
1072
1400
-1293
955
-1334
-1859
1588
-1519
-832
-1685
1396
-1775
-991
12
136
1455
762
-957
-1258
-1979
-78
-1488
-752
18
1368
1717
-286
-350
-710
1335
-1241
1169
-105
-697
640
-21
-1801
-895
-1209
661
-1319
1652
-1247
-1967
-1971
1987
1042
253
-1917
1420
1814
-1282
-1756
1063
1229
-1348
864
-1231
470
1005
-953
-406
-513
-1674
1276
-677
540
1679
1990
-1412
-1290
-729
-55
-779
-1530
-1817
1589
1955
-1022
-1221
-994
-738
-1865
1487
1196
-967
88
-1065
1779
1993
790
-1038
965
1001
1105
1807
-1433
669
1134
-1329
-543
-1002
1545
-403
218
-1162
844
1372
-1437
-972
-736
-1199
723
-510
1604
1601
-1773
1197
1692
1771
-1637
-699
363
1721
1565
-579
1445
610
-1505
-1259
1022
1812
-849
1015
-1945
1393
-1262
1279
1882
