8.1
19.3
32.2
45
58.4
72.6
87
102.9
118.7
134.2
148
165.9
182.2
195.3
213.1
258.4
241
257.9
274.1
290.8
306.6
323.7
428.3
369.2
373.9
390.9
597.2
436.9
458.3
459.6
557.5
498.6
511.8
526.5
547
565.8
699.4
600.8
618.1
638.7
654.5
707.8
925.1
708.8
727.2
749.1
766.8
780.4
799.3
818
838.2
856.1
878.2
915.2
907.8
930.1
1108.7
1005.6
986.1
1029.9
1070.1
1047
1064.7
1080.8
1150.2
1147.6
1178.4
1183.2
1204.7
1239.8
1265.9
1267.1
1299.7
1319.4
1357.4
1346.7
1386.3
1387.2
1407.1
1424.8
1456.9
1489
1488.7
1507.1
1522.7
1546.3
1562.5
1580.4
1621.9
1622.3
1641.2
1660.1
1682.7
1703.3
1721.4
1748.9
1765.7
1745
1760.9
1782.6
1851.2
1824.1
1844.3
1938.2
1881.3
1898.4
2610.2
1935.4
1965.1
1981.4
2003.6
2021.2
2040.2
2065.2
2081.9
2105.3
2124
2150.1
2155.2
2182.5
2214.9
2220.7
2306.4
2572.6
2284.6
2304.9
2370.4
2349.7
2371.2
2728.1
2356.8
2372.4
2434.3
2519.4
2491.2
2729.9
2523.7
2543.9
2697.5
2595.6
2613.6
2629.5
2657.9
2674.2
2698.7
2722.7
2732.6
2799.2
2781.6
2927.5
2828.2
2848.2
2854.5
2820.3
3405.4
2922.8
2963.3
3074.8
2991.3
3015.4
3180.3
3049.4
3067.4
3091.8
4062.7
3136.6
3083.8
3101.7
3124.6
3143.5
3169.1
3173.5
3740.2
3853.7
3250.1
3262.6
3368.4
3388.8
3407.8
3342.2
3372.9
3389.9
3415
3435.4
3458.7
3593.3
4068.7
3519.2
3541
3720.7
3569.2
3599.5
3760.4
3726.8
3751.1
3815.1
4049.7
3911
3840.8
5645
78013
82532.8
81122.1
81526.4
80550.8
83759.1
84164.5
85669
85995.2
85714.4
86506.5
90823
90769.6
89508.1
95566.1
90838.2
94201.6
95593.7
98109.4
97995.8
