1.4
2.8
4.2
5.4
7.8
8.7
11
13.6
15
17
19.9
19.6
24.4
25.4
26.7
27.2
35.4
35.7
35
38.6
37.2
41.8
43
56.8
49.2
47.3
133.9
56.2
58.5
56.1
65.1
67.4
71.8
69.4
71
75.6
76.7
80.7
80
93
81
85
91
92.3
91
96.2
230.9
106.2
110.2
103.6
111
109
111.2
142.4
122.9
123.5
204.6
128.9
136.3
129.3
135.7
137.3
145.9
135.6
145.5
162.7
158.9
165.6
177.1
175.1
163.5
172.3
179
179.9
176.4
177
180.3
190.3
185.2
193.5
195.7
191.3
214.9
209
208.8
203.6
207
212.6
220.7
222.3
236.2
229.1
233.7
247.7
231.5
241.3
243.1
253.7
248.9
245.7
258.2
255.1
356.5
262.1
261.1
268.9
255.6
266.9
281.8
265.9
273.3
273.1
286.1
308.1
293.3
316.9
288.7
302.1
291.4
296.9
312.7
345.2
319.4
352.2
311.3
310.1
346.2
321.6
336.8
329.2
355.9
335.9
326.4
332.7
368.3
354.5
335.6
348.6
381.6
355
360.1
392.8
391.2
376.3
375.4
373.7
381.7
386.7
418.1
419.5
399.6
392.2
424
472.7
397.5
413.1
416.2
417.6
402.5
416.2
422.9
427.9
439
429.4
425.5
440.5
442.7
426.4
416.8
435.1
445.6
453.3
459.1
470.2
459.1
461.1
470.3
483.1
458.1
509.3
464.9
728.2
453.1
502.1
472.7
478.8
524.7
484.9
708.6
477.2
523.8
534.6
524.7
558.9
509.3
528.9
594.3
564.2
538.7
584.3
760.1
1628.3
1741.5
1804.3
1772.7
1623.3
1740.1
1745.9
1824.7
2289.4
1674.9
1712.5
1976
1950.3
1876.1
1807.6

